// vertices: 842
// faces: 1680
842 1679
0 0 1
0.108119 0 0.994138
0.105756 0.0224792 0.994138
0.0987716 0.043976 0.994138
0.0874701 0.0635508 0.994138
0.0723457 0.0803481 0.994138
0.0540595 0.0936338 0.994138
0.0334106 0.102827 0.994138
0.0113015 0.107527 0.994138
-0.0113015 0.107527 0.994138
-0.0334106 0.102827 0.994138
-0.0540595 0.0936338 0.994138
-0.0723457 0.0803481 0.994138
-0.0874701 0.0635508 0.994138
-0.0987716 0.043976 0.994138
-0.105756 0.0224792 0.994138
-0.108119 0 0.994138
-0.105756 -0.0224792 0.994138
-0.0987716 -0.043976 0.994138
-0.0874701 -0.0635508 0.994138
-0.0723457 -0.0803481 0.994138
-0.0540595 -0.0936338 0.994138
-0.0334106 -0.102827 0.994138
-0.0113015 -0.107527 0.994138
0.0113015 -0.107527 0.994138
0.0334106 -0.102827 0.994138
0.0540595 -0.0936338 0.994138
0.0723457 -0.0803481 0.994138
0.0874701 -0.0635508 0.994138
0.0987716 -0.043976 0.994138
0.105756 -0.0224792 0.994138
0.21497 0 0.976621
0.210273 0.0446949 0.976621
0.196385 0.0874364 0.976621
0.173915 0.126356 0.976621
0.143843 0.159754 0.976621
0.107485 0.18617 0.976621
0.0664295 0.204449 0.976621
0.0224705 0.213793 0.976621
-0.0224705 0.213793 0.976621
-0.0664295 0.204449 0.976621
-0.107485 0.18617 0.976621
-0.143843 0.159754 0.976621
-0.173915 0.126356 0.976621
-0.196385 0.0874364 0.976621
-0.210273 0.0446949 0.976621
-0.21497 0 0.976621
-0.210273 -0.0446949 0.976621
-0.196385 -0.0874364 0.976621
-0.173915 -0.126356 0.976621
-0.143843 -0.159754 0.976621
-0.107485 -0.18617 0.976621
-0.0664295 -0.204449 0.976621
-0.0224705 -0.213793 0.976621
0.0224705 -0.213793 0.976621
0.0664295 -0.204449 0.976621
0.107485 -0.18617 0.976621
0.143843 -0.159754 0.976621
0.173915 -0.126356 0.976621
0.196385 -0.0874364 0.976621
0.210273 -0.0446949 0.976621
0.319302 0 0.947653
0.312324 0.0663865 0.947653
0.291696 0.129872 0.947653
0.25832 0.187681 0.947653
0.213654 0.237287 0.947653
0.159651 0.276523 0.947653
0.0986696 0.303674 0.947653
0.0333761 0.317552 0.947653
-0.0333761 0.317552 0.947653
-0.0986696 0.303674 0.947653
-0.159651 0.276523 0.947653
-0.213654 0.237287 0.947653
-0.25832 0.187681 0.947653
-0.291696 0.129872 0.947653
-0.312324 0.0663865 0.947653
-0.319302 0 0.947653
-0.312324 -0.0663865 0.947653
-0.291696 -0.129872 0.947653
-0.25832 -0.187681 0.947653
-0.213654 -0.237287 0.947653
-0.159651 -0.276523 0.947653
-0.0986696 -0.303674 0.947653
-0.0333761 -0.317552 0.947653
0.0333761 -0.317552 0.947653
0.0986696 -0.303674 0.947653
0.159651 -0.276523 0.947653
0.213654 -0.237287 0.947653
0.25832 -0.187681 0.947653
0.291696 -0.129872 0.947653
0.312324 -0.0663865 0.947653
0.419889 0 0.907575
0.410714 0.0872999 0.907575
0.383588 0.170784 0.907575
0.339697 0.246805 0.907575
0.280961 0.312038 0.907575
0.209945 0.363635 0.907575
0.129753 0.399338 0.907575
0.0438904 0.417589 0.907575
-0.0438904 0.417589 0.907575
-0.129753 0.399338 0.907575
-0.209945 0.363635 0.907575
-0.280961 0.312038 0.907575
-0.339697 0.246805 0.907575
-0.383588 0.170784 0.907575
-0.410714 0.0872999 0.907575
-0.419889 0 0.907575
-0.410714 -0.0872999 0.907575
-0.383588 -0.170784 0.907575
-0.339697 -0.246805 0.907575
-0.280961 -0.312038 0.907575
-0.209945 -0.363635 0.907575
-0.129753 -0.399338 0.907575
-0.0438904 -0.417589 0.907575
0.0438904 -0.417589 0.907575
0.129753 -0.399338 0.907575
0.209945 -0.363635 0.907575
0.280961 -0.312038 0.907575
0.339697 -0.246805 0.907575
0.383588 -0.170784 0.907575
0.410714 -0.0872999 0.907575
0.515554 0 0.856857
0.504288 0.10719 0.856857
0.470982 0.209695 0.856857
0.417092 0.303035 0.856857
0.344973 0.383131 0.856857
0.257777 0.446483 0.856857
0.159315 0.490321 0.856857
0.0538901 0.51273 0.856857
-0.0538901 0.51273 0.856857
-0.159315 0.490321 0.856857
-0.257777 0.446483 0.856857
-0.344973 0.383131 0.856857
-0.417092 0.303035 0.856857
-0.470982 0.209695 0.856857
-0.504288 0.10719 0.856857
-0.515554 0 0.856857
-0.504288 -0.10719 0.856857
-0.470982 -0.209695 0.856857
-0.417092 -0.303035 0.856857
-0.344973 -0.383131 0.856857
-0.257777 -0.446483 0.856857
-0.159315 -0.490321 0.856857
-0.0538901 -0.51273 0.856857
0.0538901 -0.51273 0.856857
0.159315 -0.490321 0.856857
0.257777 -0.446483 0.856857
0.344973 -0.383131 0.856857
0.417092 -0.303035 0.856857
0.470982 -0.209695 0.856857
0.504288 -0.10719 0.856857
0.605174 0 0.796093
0.59195 0.125823 0.796093
0.552854 0.246147 0.796093
0.489596 0.355712 0.796093
0.404941 0.449732 0.796093
0.302587 0.524096 0.796093
0.187009 0.575555 0.796093
0.0632579 0.601859 0.796093
-0.0632579 0.601859 0.796093
-0.187009 0.575555 0.796093
-0.302587 0.524096 0.796093
-0.404941 0.449732 0.796093
-0.489596 0.355712 0.796093
-0.552854 0.246147 0.796093
-0.59195 0.125823 0.796093
-0.605174 0 0.796093
-0.59195 -0.125823 0.796093
-0.552854 -0.246147 0.796093
-0.489596 -0.355712 0.796093
-0.404941 -0.449732 0.796093
-0.302587 -0.524096 0.796093
-0.187009 -0.575555 0.796093
-0.0632579 -0.601859 0.796093
0.0632579 -0.601859 0.796093
0.187009 -0.575555 0.796093
0.302587 -0.524096 0.796093
0.404941 -0.449732 0.796093
0.489596 -0.355712 0.796093
0.552854 -0.246147 0.796093
0.59195 -0.125823 0.796093
0.687699 0 0.725995
0.672672 0.142981 0.725995
0.628245 0.279713 0.725995
0.556361 0.40422 0.725995
0.460161 0.51106 0.725995
0.34385 0.595565 0.725995
0.212511 0.654041 0.725995
0.0718842 0.683932 0.725995
-0.0718842 0.683932 0.725995
-0.212511 0.654041 0.725995
-0.34385 0.595565 0.725995
-0.460161 0.51106 0.725995
-0.556361 0.40422 0.725995
-0.628245 0.279713 0.725995
-0.672672 0.142981 0.725995
-0.687699 0 0.725995
-0.672672 -0.142981 0.725995
-0.628245 -0.279713 0.725995
-0.556361 -0.40422 0.725995
-0.460161 -0.51106 0.725995
-0.34385 -0.595565 0.725995
-0.212511 -0.654041 0.725995
-0.0718842 -0.683932 0.725995
0.0718842 -0.683932 0.725995
0.212511 -0.654041 0.725995
0.34385 -0.595565 0.725995
0.460161 -0.51106 0.725995
0.556361 -0.40422 0.725995
0.628245 -0.279713 0.725995
0.672672 -0.142981 0.725995
0.762162 0 0.647386
0.745507 0.158462 0.647386
0.69627 0.309999 0.647386
0.616602 0.447988 0.647386
0.509986 0.566397 0.647386
0.381081 0.660052 0.647386
0.235521 0.724859 0.647386
0.0796676 0.757987 0.647386
-0.0796676 0.757987 0.647386
-0.235521 0.724859 0.647386
-0.381081 0.660052 0.647386
-0.509986 0.566397 0.647386
-0.616602 0.447988 0.647386
-0.69627 0.309999 0.647386
-0.745507 0.158462 0.647386
-0.762162 0 0.647386
-0.745507 -0.158462 0.647386
-0.69627 -0.309999 0.647386
-0.616602 -0.447988 0.647386
-0.509986 -0.566397 0.647386
-0.381081 -0.660052 0.647386
-0.235521 -0.724859 0.647386
-0.0796676 -0.757987 0.647386
0.0796676 -0.757987 0.647386
0.235521 -0.724859 0.647386
0.381081 -0.660052 0.647386
0.509986 -0.566397 0.647386
0.616602 -0.447988 0.647386
0.69627 -0.309999 0.647386
0.745507 -0.158462 0.647386
0.827689 0 0.561187
0.809602 0.172086 0.561187
0.756132 0.336651 0.561187
0.669614 0.486503 0.561187
0.553832 0.615093 0.561187
0.413844 0.7168 0.561187
0.25577 0.787179 0.561187
0.0865171 0.823155 0.561187
-0.0865171 0.823155 0.561187
-0.25577 0.787179 0.561187
-0.413844 0.7168 0.561187
-0.553832 0.615093 0.561187
-0.669614 0.486503 0.561187
-0.756132 0.336651 0.561187
-0.809602 0.172086 0.561187
-0.827689 0 0.561187
-0.809602 -0.172086 0.561187
-0.756132 -0.336651 0.561187
-0.669614 -0.486503 0.561187
-0.553832 -0.615093 0.561187
-0.413844 -0.7168 0.561187
-0.25577 -0.787179 0.561187
-0.0865171 -0.823155 0.561187
0.0865171 -0.823155 0.561187
0.25577 -0.787179 0.561187
0.413844 -0.7168 0.561187
0.553832 -0.615093 0.561187
0.669614 -0.486503 0.561187
0.756132 -0.336651 0.561187
0.809602 -0.172086 0.561187
0.883512 0 0.468408
0.864205 0.183692 0.468408
0.807128 0.359357 0.468408
0.714776 0.519315 0.468408
0.591185 0.656577 0.468408
0.441756 0.765144 0.468408
0.27302 0.84027 0.468408
0.0923522 0.878672 0.468408
-0.0923522 0.878672 0.468408
-0.27302 0.84027 0.468408
-0.441756 0.765144 0.468408
-0.591185 0.656577 0.468408
-0.714776 0.519315 0.468408
-0.807128 0.359357 0.468408
-0.864205 0.183692 0.468408
-0.883512 0 0.468408
-0.864205 -0.183692 0.468408
-0.807128 -0.359357 0.468408
-0.714776 -0.519315 0.468408
-0.591185 -0.656577 0.468408
-0.441756 -0.765144 0.468408
-0.27302 -0.84027 0.468408
-0.0923522 -0.878672 0.468408
0.0923522 -0.878672 0.468408
0.27302 -0.84027 0.468408
0.441756 -0.765144 0.468408
0.591185 -0.656577 0.468408
0.714776 -0.519315 0.468408
0.807128 -0.359357 0.468408
0.864205 -0.183692 0.468408
0.928977 0 0.370138
0.908676 0.193145 0.370138
0.848662 0.377849 0.370138
0.751558 0.546039 0.370138
0.621607 0.690364 0.370138
0.464488 0.804517 0.370138
0.28707 0.883509 0.370138
0.0971045 0.923888 0.370138
-0.0971045 0.923888 0.370138
-0.28707 0.883509 0.370138
-0.464488 0.804517 0.370138
-0.621607 0.690364 0.370138
-0.751558 0.546039 0.370138
-0.848662 0.377849 0.370138
-0.908676 0.193145 0.370138
-0.928977 0 0.370138
-0.908676 -0.193145 0.370138
-0.848662 -0.377849 0.370138
-0.751558 -0.546039 0.370138
-0.621607 -0.690364 0.370138
-0.464488 -0.804517 0.370138
-0.28707 -0.883509 0.370138
-0.0971045 -0.923888 0.370138
0.0971045 -0.923888 0.370138
0.28707 -0.883509 0.370138
0.464488 -0.804517 0.370138
0.621607 -0.690364 0.370138
0.751558 -0.546039 0.370138
0.848662 -0.377849 0.370138
0.908676 -0.193145 0.370138
0.96355 0 0.267528
0.942494 0.200333 0.267528
0.880247 0.391911 0.267528
0.779528 0.56636 0.267528
0.644741 0.716057 0.267528
0.481775 0.834459 0.267528
0.297753 0.91639 0.267528
0.100718 0.958272 0.267528
-0.100718 0.958272 0.267528
-0.297753 0.91639 0.267528
-0.481775 0.834459 0.267528
-0.644741 0.716057 0.267528
-0.779528 0.56636 0.267528
-0.880247 0.391911 0.267528
-0.942494 0.200333 0.267528
-0.96355 0 0.267528
-0.942494 -0.200333 0.267528
-0.880247 -0.391911 0.267528
-0.779528 -0.56636 0.267528
-0.644741 -0.716057 0.267528
-0.481775 -0.834459 0.267528
-0.297753 -0.91639 0.267528
-0.100718 -0.958272 0.267528
0.100718 -0.958272 0.267528
0.297753 -0.91639 0.267528
0.481775 -0.834459 0.267528
0.644741 -0.716057 0.267528
0.779528 -0.56636 0.267528
0.880247 -0.391911 0.267528
0.942494 -0.200333 0.267528
0.986827 0 0.161782
0.965262 0.205173 0.161782
0.901511 0.401379 0.161782
0.798359 0.580042 0.161782
0.660316 0.733355 0.161782
0.493413 0.854617 0.161782
0.304946 0.938528 0.161782
0.103151 0.981421 0.161782
-0.103151 0.981421 0.161782
-0.304946 0.938528 0.161782
-0.493413 0.854617 0.161782
-0.660316 0.733355 0.161782
-0.798359 0.580042 0.161782
-0.901511 0.401379 0.161782
-0.965262 0.205173 0.161782
-0.986827 0 0.161782
-0.965262 -0.205173 0.161782
-0.901511 -0.401379 0.161782
-0.798359 -0.580042 0.161782
-0.660316 -0.733355 0.161782
-0.493413 -0.854617 0.161782
-0.304946 -0.938528 0.161782
-0.103151 -0.981421 0.161782
0.103151 -0.981421 0.161782
0.304946 -0.938528 0.161782
0.493413 -0.854617 0.161782
0.660316 -0.733355 0.161782
0.798359 -0.580042 0.161782
0.901511 -0.401379 0.161782
0.965262 -0.205173 0.161782
0.998533 0 0.0541389
0.976713 0.207607 0.0541389
0.912206 0.40614 0.0541389
0.807831 0.586923 0.0541389
0.668149 0.742055 0.0541389
0.499267 0.864755 0.0541389
0.308564 0.949662 0.0541389
0.104375 0.993063 0.0541389
-0.104375 0.993063 0.0541389
-0.308564 0.949662 0.0541389
-0.499267 0.864755 0.0541389
-0.668149 0.742055 0.0541389
-0.807831 0.586923 0.0541389
-0.912206 0.40614 0.0541389
-0.976713 0.207607 0.0541389
-0.998533 0 0.0541389
-0.976713 -0.207607 0.0541389
-0.912206 -0.40614 0.0541389
-0.807831 -0.586923 0.0541389
-0.668149 -0.742055 0.0541389
-0.499267 -0.864755 0.0541389
-0.308564 -0.949662 0.0541389
-0.104375 -0.993063 0.0541389
0.104375 -0.993063 0.0541389
0.308564 -0.949662 0.0541389
0.499267 -0.864755 0.0541389
0.668149 -0.742055 0.0541389
0.807831 -0.586923 0.0541389
0.912206 -0.40614 0.0541389
0.976713 -0.207607 0.0541389
0.998533 0 -0.0541389
0.976713 0.207607 -0.0541389
0.912206 0.40614 -0.0541389
0.807831 0.586923 -0.0541389
0.668149 0.742055 -0.0541389
0.499267 0.864755 -0.0541389
0.308564 0.949662 -0.0541389
0.104375 0.993063 -0.0541389
-0.104375 0.993063 -0.0541389
-0.308564 0.949662 -0.0541389
-0.499267 0.864755 -0.0541389
-0.668149 0.742055 -0.0541389
-0.807831 0.586923 -0.0541389
-0.912206 0.40614 -0.0541389
-0.976713 0.207607 -0.0541389
-0.998533 0 -0.0541389
-0.976713 -0.207607 -0.0541389
-0.912206 -0.40614 -0.0541389
-0.807831 -0.586923 -0.0541389
-0.668149 -0.742055 -0.0541389
-0.499267 -0.864755 -0.0541389
-0.308564 -0.949662 -0.0541389
-0.104375 -0.993063 -0.0541389
0.104375 -0.993063 -0.0541389
0.308564 -0.949662 -0.0541389
0.499267 -0.864755 -0.0541389
0.668149 -0.742055 -0.0541389
0.807831 -0.586923 -0.0541389
0.912206 -0.40614 -0.0541389
0.976713 -0.207607 -0.0541389
0.986827 0 -0.161782
0.965262 0.205173 -0.161782
0.901511 0.401379 -0.161782
0.798359 0.580042 -0.161782
0.660316 0.733355 -0.161782
0.493413 0.854617 -0.161782
0.304946 0.938528 -0.161782
0.103151 0.981421 -0.161782
-0.103151 0.981421 -0.161782
-0.304946 0.938528 -0.161782
-0.493413 0.854617 -0.161782
-0.660316 0.733355 -0.161782
-0.798359 0.580042 -0.161782
-0.901511 0.401379 -0.161782
-0.965262 0.205173 -0.161782
-0.986827 0 -0.161782
-0.965262 -0.205173 -0.161782
-0.901511 -0.401379 -0.161782
-0.798359 -0.580042 -0.161782
-0.660316 -0.733355 -0.161782
-0.493413 -0.854617 -0.161782
-0.304946 -0.938528 -0.161782
-0.103151 -0.981421 -0.161782
0.103151 -0.981421 -0.161782
0.304946 -0.938528 -0.161782
0.493413 -0.854617 -0.161782
0.660316 -0.733355 -0.161782
0.798359 -0.580042 -0.161782
0.901511 -0.401379 -0.161782
0.965262 -0.205173 -0.161782
0.96355 0 -0.267528
0.942494 0.200333 -0.267528
0.880247 0.391911 -0.267528
0.779528 0.56636 -0.267528
0.644741 0.716057 -0.267528
0.481775 0.834459 -0.267528
0.297753 0.91639 -0.267528
0.100718 0.958272 -0.267528
-0.100718 0.958272 -0.267528
-0.297753 0.91639 -0.267528
-0.481775 0.834459 -0.267528
-0.644741 0.716057 -0.267528
-0.779528 0.56636 -0.267528
-0.880247 0.391911 -0.267528
-0.942494 0.200333 -0.267528
-0.96355 0 -0.267528
-0.942494 -0.200333 -0.267528
-0.880247 -0.391911 -0.267528
-0.779528 -0.56636 -0.267528
-0.644741 -0.716057 -0.267528
-0.481775 -0.834459 -0.267528
-0.297753 -0.91639 -0.267528
-0.100718 -0.958272 -0.267528
0.100718 -0.958272 -0.267528
0.297753 -0.91639 -0.267528
0.481775 -0.834459 -0.267528
0.644741 -0.716057 -0.267528
0.779528 -0.56636 -0.267528
0.880247 -0.391911 -0.267528
0.942494 -0.200333 -0.267528
0.928977 0 -0.370138
0.908676 0.193145 -0.370138
0.848662 0.377849 -0.370138
0.751558 0.546039 -0.370138
0.621607 0.690364 -0.370138
0.464488 0.804517 -0.370138
0.28707 0.883509 -0.370138
0.0971045 0.923888 -0.370138
-0.0971045 0.923888 -0.370138
-0.28707 0.883509 -0.370138
-0.464488 0.804517 -0.370138
-0.621607 0.690364 -0.370138
-0.751558 0.546039 -0.370138
-0.848662 0.377849 -0.370138
-0.908676 0.193145 -0.370138
-0.928977 0 -0.370138
-0.908676 -0.193145 -0.370138
-0.848662 -0.377849 -0.370138
-0.751558 -0.546039 -0.370138
-0.621607 -0.690364 -0.370138
-0.464488 -0.804517 -0.370138
-0.28707 -0.883509 -0.370138
-0.0971045 -0.923888 -0.370138
0.0971045 -0.923888 -0.370138
0.28707 -0.883509 -0.370138
0.464488 -0.804517 -0.370138
0.621607 -0.690364 -0.370138
0.751558 -0.546039 -0.370138
0.848662 -0.377849 -0.370138
0.908676 -0.193145 -0.370138
0.883512 0 -0.468408
0.864205 0.183692 -0.468408
0.807128 0.359357 -0.468408
0.714776 0.519315 -0.468408
0.591185 0.656577 -0.468408
0.441756 0.765144 -0.468408
0.27302 0.84027 -0.468408
0.0923522 0.878672 -0.468408
-0.0923522 0.878672 -0.468408
-0.27302 0.84027 -0.468408
-0.441756 0.765144 -0.468408
-0.591185 0.656577 -0.468408
-0.714776 0.519315 -0.468408
-0.807128 0.359357 -0.468408
-0.864205 0.183692 -0.468408
-0.883512 0 -0.468408
-0.864205 -0.183692 -0.468408
-0.807128 -0.359357 -0.468408
-0.714776 -0.519315 -0.468408
-0.591185 -0.656577 -0.468408
-0.441756 -0.765144 -0.468408
-0.27302 -0.84027 -0.468408
-0.0923522 -0.878672 -0.468408
0.0923522 -0.878672 -0.468408
0.27302 -0.84027 -0.468408
0.441756 -0.765144 -0.468408
0.591185 -0.656577 -0.468408
0.714776 -0.519315 -0.468408
0.807128 -0.359357 -0.468408
0.864205 -0.183692 -0.468408
0.827689 0 -0.561187
0.809602 0.172086 -0.561187
0.756132 0.336651 -0.561187
0.669614 0.486503 -0.561187
0.553832 0.615093 -0.561187
0.413844 0.7168 -0.561187
0.25577 0.787179 -0.561187
0.0865171 0.823155 -0.561187
-0.0865171 0.823155 -0.561187
-0.25577 0.787179 -0.561187
-0.413844 0.7168 -0.561187
-0.553832 0.615093 -0.561187
-0.669614 0.486503 -0.561187
-0.756132 0.336651 -0.561187
-0.809602 0.172086 -0.561187
-0.827689 0 -0.561187
-0.809602 -0.172086 -0.561187
-0.756132 -0.336651 -0.561187
-0.669614 -0.486503 -0.561187
-0.553832 -0.615093 -0.561187
-0.413844 -0.7168 -0.561187
-0.25577 -0.787179 -0.561187
-0.0865171 -0.823155 -0.561187
0.0865171 -0.823155 -0.561187
0.25577 -0.787179 -0.561187
0.413844 -0.7168 -0.561187
0.553832 -0.615093 -0.561187
0.669614 -0.486503 -0.561187
0.756132 -0.336651 -0.561187
0.809602 -0.172086 -0.561187
0.762162 0 -0.647386
0.745507 0.158462 -0.647386
0.69627 0.309999 -0.647386
0.616602 0.447988 -0.647386
0.509986 0.566397 -0.647386
0.381081 0.660052 -0.647386
0.235521 0.724859 -0.647386
0.0796676 0.757987 -0.647386
-0.0796676 0.757987 -0.647386
-0.235521 0.724859 -0.647386
-0.381081 0.660052 -0.647386
-0.509986 0.566397 -0.647386
-0.616602 0.447988 -0.647386
-0.69627 0.309999 -0.647386
-0.745507 0.158462 -0.647386
-0.762162 0 -0.647386
-0.745507 -0.158462 -0.647386
-0.69627 -0.309999 -0.647386
-0.616602 -0.447988 -0.647386
-0.509986 -0.566397 -0.647386
-0.381081 -0.660052 -0.647386
-0.235521 -0.724859 -0.647386
-0.0796676 -0.757987 -0.647386
0.0796676 -0.757987 -0.647386
0.235521 -0.724859 -0.647386
0.381081 -0.660052 -0.647386
0.509986 -0.566397 -0.647386
0.616602 -0.447988 -0.647386
0.69627 -0.309999 -0.647386
0.745507 -0.158462 -0.647386
0.687699 0 -0.725995
0.672672 0.142981 -0.725995
0.628245 0.279713 -0.725995
0.556361 0.40422 -0.725995
0.460161 0.51106 -0.725995
0.34385 0.595565 -0.725995
0.212511 0.654041 -0.725995
0.0718842 0.683932 -0.725995
-0.0718842 0.683932 -0.725995
-0.212511 0.654041 -0.725995
-0.34385 0.595565 -0.725995
-0.460161 0.51106 -0.725995
-0.556361 0.40422 -0.725995
-0.628245 0.279713 -0.725995
-0.672672 0.142981 -0.725995
-0.687699 0 -0.725995
-0.672672 -0.142981 -0.725995
-0.628245 -0.279713 -0.725995
-0.556361 -0.40422 -0.725995
-0.460161 -0.51106 -0.725995
-0.34385 -0.595565 -0.725995
-0.212511 -0.654041 -0.725995
-0.0718842 -0.683932 -0.725995
0.0718842 -0.683932 -0.725995
0.212511 -0.654041 -0.725995
0.34385 -0.595565 -0.725995
0.460161 -0.51106 -0.725995
0.556361 -0.40422 -0.725995
0.628245 -0.279713 -0.725995
0.672672 -0.142981 -0.725995
0.605174 0 -0.796093
0.59195 0.125823 -0.796093
0.552854 0.246147 -0.796093
0.489596 0.355712 -0.796093
0.404941 0.449732 -0.796093
0.302587 0.524096 -0.796093
0.187009 0.575555 -0.796093
0.0632579 0.601859 -0.796093
-0.0632579 0.601859 -0.796093
-0.187009 0.575555 -0.796093
-0.302587 0.524096 -0.796093
-0.404941 0.449732 -0.796093
-0.489596 0.355712 -0.796093
-0.552854 0.246147 -0.796093
-0.59195 0.125823 -0.796093
-0.605174 0 -0.796093
-0.59195 -0.125823 -0.796093
-0.552854 -0.246147 -0.796093
-0.489596 -0.355712 -0.796093
-0.404941 -0.449732 -0.796093
-0.302587 -0.524096 -0.796093
-0.187009 -0.575555 -0.796093
-0.0632579 -0.601859 -0.796093
0.0632579 -0.601859 -0.796093
0.187009 -0.575555 -0.796093
0.302587 -0.524096 -0.796093
0.404941 -0.449732 -0.796093
0.489596 -0.355712 -0.796093
0.552854 -0.246147 -0.796093
0.59195 -0.125823 -0.796093
0.515554 0 -0.856857
0.504288 0.10719 -0.856857
0.470982 0.209695 -0.856857
0.417092 0.303035 -0.856857
0.344973 0.383131 -0.856857
0.257777 0.446483 -0.856857
0.159315 0.490321 -0.856857
0.0538901 0.51273 -0.856857
-0.0538901 0.51273 -0.856857
-0.159315 0.490321 -0.856857
-0.257777 0.446483 -0.856857
-0.344973 0.383131 -0.856857
-0.417092 0.303035 -0.856857
-0.470982 0.209695 -0.856857
-0.504288 0.10719 -0.856857
-0.515554 0 -0.856857
-0.504288 -0.10719 -0.856857
-0.470982 -0.209695 -0.856857
-0.417092 -0.303035 -0.856857
-0.344973 -0.383131 -0.856857
-0.257777 -0.446483 -0.856857
-0.159315 -0.490321 -0.856857
-0.0538901 -0.51273 -0.856857
0.0538901 -0.51273 -0.856857
0.159315 -0.490321 -0.856857
0.257777 -0.446483 -0.856857
0.344973 -0.383131 -0.856857
0.417092 -0.303035 -0.856857
0.470982 -0.209695 -0.856857
0.504288 -0.10719 -0.856857
0.419889 0 -0.907575
0.410714 0.0872999 -0.907575
0.383588 0.170784 -0.907575
0.339697 0.246805 -0.907575
0.280961 0.312038 -0.907575
0.209945 0.363635 -0.907575
0.129753 0.399338 -0.907575
0.0438904 0.417589 -0.907575
-0.0438904 0.417589 -0.907575
-0.129753 0.399338 -0.907575
-0.209945 0.363635 -0.907575
-0.280961 0.312038 -0.907575
-0.339697 0.246805 -0.907575
-0.383588 0.170784 -0.907575
-0.410714 0.0872999 -0.907575
-0.419889 0 -0.907575
-0.410714 -0.0872999 -0.907575
-0.383588 -0.170784 -0.907575
-0.339697 -0.246805 -0.907575
-0.280961 -0.312038 -0.907575
-0.209945 -0.363635 -0.907575
-0.129753 -0.399338 -0.907575
-0.0438904 -0.417589 -0.907575
0.0438904 -0.417589 -0.907575
0.129753 -0.399338 -0.907575
0.209945 -0.363635 -0.907575
0.280961 -0.312038 -0.907575
0.339697 -0.246805 -0.907575
0.383588 -0.170784 -0.907575
0.410714 -0.0872999 -0.907575
0.319302 0 -0.947653
0.312324 0.0663865 -0.947653
0.291696 0.129872 -0.947653
0.25832 0.187681 -0.947653
0.213654 0.237287 -0.947653
0.159651 0.276523 -0.947653
0.0986696 0.303674 -0.947653
0.0333761 0.317552 -0.947653
-0.0333761 0.317552 -0.947653
-0.0986696 0.303674 -0.947653
-0.159651 0.276523 -0.947653
-0.213654 0.237287 -0.947653
-0.25832 0.187681 -0.947653
-0.291696 0.129872 -0.947653
-0.312324 0.0663865 -0.947653
-0.319302 0 -0.947653
-0.312324 -0.0663865 -0.947653
-0.291696 -0.129872 -0.947653
-0.25832 -0.187681 -0.947653
-0.213654 -0.237287 -0.947653
-0.159651 -0.276523 -0.947653
-0.0986696 -0.303674 -0.947653
-0.0333761 -0.317552 -0.947653
0.0333761 -0.317552 -0.947653
0.0986696 -0.303674 -0.947653
0.159651 -0.276523 -0.947653
0.213654 -0.237287 -0.947653
0.25832 -0.187681 -0.947653
0.291696 -0.129872 -0.947653
0.312324 -0.0663865 -0.947653
0.21497 0 -0.976621
0.210273 0.0446949 -0.976621
0.196385 0.0874364 -0.976621
0.173915 0.126356 -0.976621
0.143843 0.159754 -0.976621
0.107485 0.18617 -0.976621
0.0664295 0.204449 -0.976621
0.0224705 0.213793 -0.976621
-0.0224705 0.213793 -0.976621
-0.0664295 0.204449 -0.976621
-0.107485 0.18617 -0.976621
-0.143843 0.159754 -0.976621
-0.173915 0.126356 -0.976621
-0.196385 0.0874364 -0.976621
-0.210273 0.0446949 -0.976621
-0.21497 0 -0.976621
-0.210273 -0.0446949 -0.976621
-0.196385 -0.0874364 -0.976621
-0.173915 -0.126356 -0.976621
-0.143843 -0.159754 -0.976621
-0.107485 -0.18617 -0.976621
-0.0664295 -0.204449 -0.976621
-0.0224705 -0.213793 -0.976621
0.0224705 -0.213793 -0.976621
0.0664295 -0.204449 -0.976621
0.107485 -0.18617 -0.976621
0.143843 -0.159754 -0.976621
0.173915 -0.126356 -0.976621
0.196385 -0.0874364 -0.976621
0.210273 -0.0446949 -0.976621
0.108119 0 -0.994138
0.105756 0.0224792 -0.994138
0.0987716 0.043976 -0.994138
0.0874701 0.0635508 -0.994138
0.0723457 0.0803481 -0.994138
0.0540595 0.0936338 -0.994138
0.0334106 0.102827 -0.994138
0.0113015 0.107527 -0.994138
-0.0113015 0.107527 -0.994138
-0.0334106 0.102827 -0.994138
-0.0540595 0.0936338 -0.994138
-0.0723457 0.0803481 -0.994138
-0.0874701 0.0635508 -0.994138
-0.0987716 0.043976 -0.994138
-0.105756 0.0224792 -0.994138
-0.108119 0 -0.994138
-0.105756 -0.0224792 -0.994138
-0.0987716 -0.043976 -0.994138
-0.0874701 -0.0635508 -0.994138
-0.0723457 -0.0803481 -0.994138
-0.0540595 -0.0936338 -0.994138
-0.0334106 -0.102827 -0.994138
-0.0113015 -0.107527 -0.994138
0.0113015 -0.107527 -0.994138
0.0334106 -0.102827 -0.994138
0.0540595 -0.0936338 -0.994138
0.0723457 -0.0803481 -0.994138
0.0874701 -0.0635508 -0.994138
0.0987716 -0.043976 -0.994138
0.105756 -0.0224792 -0.994138
0 0 -1
1 2 3
1 3 4
1 4 5
1 5 6
1 6 7
1 7 8
1 8 9
1 9 10
1 10 11
1 11 12
1 12 13
1 13 14
1 14 15
1 15 16
1 16 17
1 17 18
1 18 19
1 19 20
1 20 21
1 21 22
1 22 23
1 23 24
1 24 25
1 25 26
1 26 27
1 27 28
1 28 29
1 29 30
1 30 31
1 31 2
32 33 3
32 3 2
33 34 4
33 4 3
34 35 5
34 5 4
35 36 6
35 6 5
36 37 7
36 7 6
37 38 8
37 8 7
38 39 9
38 9 8
39 40 10
39 10 9
40 41 11
40 11 10
41 42 12
41 12 11
42 43 13
42 13 12
43 44 14
43 14 13
44 45 15
44 15 14
45 46 16
45 16 15
46 47 17
46 17 16
47 48 18
47 18 17
48 49 19
48 19 18
49 50 20
49 20 19
50 51 21
50 21 20
51 52 22
51 22 21
52 53 23
52 23 22
53 54 24
53 24 23
54 55 25
54 25 24
55 56 26
55 26 25
56 57 27
56 27 26
57 58 28
57 28 27
58 59 29
58 29 28
59 60 30
59 30 29
60 61 31
60 31 30
61 32 2
61 2 31
62 63 33
62 33 32
63 64 34
63 34 33
64 65 35
64 35 34
65 66 36
65 36 35
66 67 37
66 37 36
67 68 38
67 38 37
68 69 39
68 39 38
69 70 40
69 40 39
70 71 41
70 41 40
71 72 42
71 42 41
72 73 43
72 43 42
73 74 44
73 44 43
74 75 45
74 45 44
75 76 46
75 46 45
76 77 47
76 47 46
77 78 48
77 48 47
78 79 49
78 49 48
79 80 50
79 50 49
80 81 51
80 51 50
81 82 52
81 52 51
82 83 53
82 53 52
83 84 54
83 54 53
84 85 55
84 55 54
85 86 56
85 56 55
86 87 57
86 57 56
87 88 58
87 58 57
88 89 59
88 59 58
89 90 60
89 60 59
90 91 61
90 61 60
91 62 32
91 32 61
92 93 63
92 63 62
93 94 64
93 64 63
94 95 65
94 65 64
95 96 66
95 66 65
96 97 67
96 67 66
97 98 68
97 68 67
98 99 69
98 69 68
99 100 70
99 70 69
100 101 71
100 71 70
101 102 72
101 72 71
102 103 73
102 73 72
103 104 74
103 74 73
104 105 75
104 75 74
105 106 76
105 76 75
106 107 77
106 77 76
107 108 78
107 78 77
108 109 79
108 79 78
109 110 80
109 80 79
110 111 81
110 81 80
111 112 82
111 82 81
112 113 83
112 83 82
113 114 84
113 84 83
114 115 85
114 85 84
115 116 86
115 86 85
116 117 87
116 87 86
117 118 88
117 88 87
118 119 89
118 89 88
119 120 90
119 90 89
120 121 91
120 91 90
121 92 62
121 62 91
122 123 93
122 93 92
123 124 94
123 94 93
124 125 95
124 95 94
125 126 96
125 96 95
126 127 97
126 97 96
127 128 98
127 98 97
128 129 99
128 99 98
129 130 100
129 100 99
130 131 101
130 101 100
131 132 102
131 102 101
132 133 103
132 103 102
133 134 104
133 104 103
134 135 105
134 105 104
135 136 106
135 106 105
136 137 107
136 107 106
137 138 108
137 108 107
138 139 109
138 109 108
139 140 110
139 110 109
140 141 111
140 111 110
141 142 112
141 112 111
142 143 113
142 113 112
143 144 114
143 114 113
144 145 115
144 115 114
145 146 116
145 116 115
146 147 117
146 117 116
147 148 118
147 118 117
148 149 119
148 119 118
149 150 120
149 120 119
150 151 121
150 121 120
151 122 92
151 92 121
152 153 123
152 123 122
153 154 124
153 124 123
154 155 125
154 125 124
155 156 126
155 126 125
156 157 127
156 127 126
157 158 128
157 128 127
158 159 129
158 129 128
159 160 130
159 130 129
160 161 131
160 131 130
161 162 132
161 132 131
162 163 133
162 133 132
163 164 134
163 134 133
164 165 135
164 135 134
165 166 136
165 136 135
166 167 137
166 137 136
167 168 138
167 138 137
168 169 139
168 139 138
169 170 140
169 140 139
170 171 141
170 141 140
171 172 142
171 142 141
172 173 143
172 143 142
173 174 144
173 144 143
174 175 145
174 145 144
175 176 146
175 146 145
176 177 147
176 147 146
177 178 148
177 148 147
178 179 149
178 149 148
179 180 150
179 150 149
180 181 151
180 151 150
181 152 122
181 122 151
182 183 153
182 153 152
183 184 154
183 154 153
184 185 155
184 155 154
185 186 156
185 156 155
186 187 157
186 157 156
187 188 158
187 158 157
188 189 159
188 159 158
189 190 160
189 160 159
190 191 161
190 161 160
191 192 162
191 162 161
192 193 163
192 163 162
193 194 164
193 164 163
194 195 165
194 165 164
195 196 166
195 166 165
196 197 167
196 167 166
197 198 168
197 168 167
198 199 169
198 169 168
199 200 170
199 170 169
200 201 171
200 171 170
201 202 172
201 172 171
202 203 173
202 173 172
203 204 174
203 174 173
204 205 175
204 175 174
205 206 176
205 176 175
206 207 177
206 177 176
207 208 178
207 178 177
208 209 179
208 179 178
209 210 180
209 180 179
210 211 181
210 181 180
211 182 152
211 152 181
212 213 183
212 183 182
213 214 184
213 184 183
214 215 185
214 185 184
215 216 186
215 186 185
216 217 187
216 187 186
217 218 188
217 188 187
218 219 189
218 189 188
219 220 190
219 190 189
220 221 191
220 191 190
221 222 192
221 192 191
222 223 193
222 193 192
223 224 194
223 194 193
224 225 195
224 195 194
225 226 196
225 196 195
226 227 197
226 197 196
227 228 198
227 198 197
228 229 199
228 199 198
229 230 200
229 200 199
230 231 201
230 201 200
231 232 202
231 202 201
232 233 203
232 203 202
233 234 204
233 204 203
234 235 205
234 205 204
235 236 206
235 206 205
236 237 207
236 207 206
237 238 208
237 208 207
238 239 209
238 209 208
239 240 210
239 210 209
240 241 211
240 211 210
241 212 182
241 182 211
242 243 213
242 213 212
243 244 214
243 214 213
244 245 215
244 215 214
245 246 216
245 216 215
246 247 217
246 217 216
247 248 218
247 218 217
248 249 219
248 219 218
249 250 220
249 220 219
250 251 221
250 221 220
251 252 222
251 222 221
252 253 223
252 223 222
253 254 224
253 224 223
254 255 225
254 225 224
255 256 226
255 226 225
256 257 227
256 227 226
257 258 228
257 228 227
258 259 229
258 229 228
259 260 230
259 230 229
260 261 231
260 231 230
261 262 232
261 232 231
262 263 233
262 233 232
263 264 234
263 234 233
264 265 235
264 235 234
265 266 236
265 236 235
266 267 237
266 237 236
267 268 238
267 238 237
268 269 239
268 239 238
269 270 240
269 240 239
270 271 241
270 241 240
271 242 212
271 212 241
272 273 243
272 243 242
273 274 244
273 244 243
274 275 245
274 245 244
275 276 246
275 246 245
276 277 247
276 247 246
277 278 248
277 248 247
278 279 249
278 249 248
279 280 250
279 250 249
280 281 251
280 251 250
281 282 252
281 252 251
282 283 253
282 253 252
283 284 254
283 254 253
284 285 255
284 255 254
285 286 256
285 256 255
286 287 257
286 257 256
287 288 258
287 258 257
288 289 259
288 259 258
289 290 260
289 260 259
290 291 261
290 261 260
291 292 262
291 262 261
292 293 263
292 263 262
293 294 264
293 264 263
294 295 265
294 265 264
295 296 266
295 266 265
296 297 267
296 267 266
297 298 268
297 268 267
298 299 269
298 269 268
299 300 270
299 270 269
300 301 271
300 271 270
301 272 242
301 242 271
302 303 273
302 273 272
303 304 274
303 274 273
304 305 275
304 275 274
305 306 276
305 276 275
306 307 277
306 277 276
307 308 278
307 278 277
308 309 279
308 279 278
309 310 280
309 280 279
310 311 281
310 281 280
311 312 282
311 282 281
312 313 283
312 283 282
313 314 284
313 284 283
314 315 285
314 285 284
315 316 286
315 286 285
316 317 287
316 287 286
317 318 288
317 288 287
318 319 289
318 289 288
319 320 290
319 290 289
320 321 291
320 291 290
321 322 292
321 292 291
322 323 293
322 293 292
323 324 294
323 294 293
324 325 295
324 295 294
325 326 296
325 296 295
326 327 297
326 297 296
327 328 298
327 298 297
328 329 299
328 299 298
329 330 300
329 300 299
330 331 301
330 301 300
331 302 272
331 272 301
332 333 303
332 303 302
333 334 304
333 304 303
334 335 305
334 305 304
335 336 306
335 306 305
336 337 307
336 307 306
337 338 308
337 308 307
338 339 309
338 309 308
339 340 310
339 310 309
340 341 311
340 311 310
341 342 312
341 312 311
342 343 313
342 313 312
343 344 314
343 314 313
344 345 315
344 315 314
345 346 316
345 316 315
346 347 317
346 317 316
347 348 318
347 318 317
348 349 319
348 319 318
349 350 320
349 320 319
350 351 321
350 321 320
351 352 322
351 322 321
352 353 323
352 323 322
353 354 324
353 324 323
354 355 325
354 325 324
355 356 326
355 326 325
356 357 327
356 327 326
357 358 328
357 328 327
358 359 329
358 329 328
359 360 330
359 330 329
360 361 331
360 331 330
361 332 302
361 302 331
362 363 333
362 333 332
363 364 334
363 334 333
364 365 335
364 335 334
365 366 336
365 336 335
366 367 337
366 337 336
367 368 338
367 338 337
368 369 339
368 339 338
369 370 340
369 340 339
370 371 341
370 341 340
371 372 342
371 342 341
372 373 343
372 343 342
373 374 344
373 344 343
374 375 345
374 345 344
375 376 346
375 346 345
376 377 347
376 347 346
377 378 348
377 348 347
378 379 349
378 349 348
379 380 350
379 350 349
380 381 351
380 351 350
381 382 352
381 352 351
382 383 353
382 353 352
383 384 354
383 354 353
384 385 355
384 355 354
385 386 356
385 356 355
386 387 357
386 357 356
387 388 358
387 358 357
388 389 359
388 359 358
389 390 360
389 360 359
390 391 361
390 361 360
391 362 332
391 332 361
392 393 363
392 363 362
393 394 364
393 364 363
394 395 365
394 365 364
395 396 366
395 366 365
396 397 367
396 367 366
397 398 368
397 368 367
398 399 369
398 369 368
399 400 370
399 370 369
400 401 371
400 371 370
401 402 372
401 372 371
402 403 373
402 373 372
403 404 374
403 374 373
404 405 375
404 375 374
405 406 376
405 376 375
406 407 377
406 377 376
407 408 378
407 378 377
408 409 379
408 379 378
409 410 380
409 380 379
410 411 381
410 381 380
411 412 382
411 382 381
412 413 383
412 383 382
413 414 384
413 384 383
414 415 385
414 385 384
415 416 386
415 386 385
416 417 387
416 387 386
417 418 388
417 388 387
418 419 389
418 389 388
419 420 390
419 390 389
420 421 391
420 391 390
421 392 362
421 362 391
422 423 393
422 393 392
423 424 394
423 394 393
424 425 395
424 395 394
425 426 396
425 396 395
426 427 397
426 397 396
427 428 398
427 398 397
428 429 399
428 399 398
429 430 400
429 400 399
430 431 401
430 401 400
431 432 402
431 402 401
432 433 403
432 403 402
433 434 404
433 404 403
434 435 405
434 405 404
435 436 406
435 406 405
436 437 407
436 407 406
437 438 408
437 408 407
438 439 409
438 409 408
439 440 410
439 410 409
440 441 411
440 411 410
441 442 412
441 412 411
442 443 413
442 413 412
443 444 414
443 414 413
444 445 415
444 415 414
445 446 416
445 416 415
446 447 417
446 417 416
447 448 418
447 418 417
448 449 419
448 419 418
449 450 420
449 420 419
450 451 421
450 421 420
451 422 392
451 392 421
452 453 423
452 423 422
453 454 424
453 424 423
454 455 425
454 425 424
455 456 426
455 426 425
456 457 427
456 427 426
457 458 428
457 428 427
458 459 429
458 429 428
459 460 430
459 430 429
460 461 431
460 431 430
461 462 432
461 432 431
462 463 433
462 433 432
463 464 434
463 434 433
464 465 435
464 435 434
465 466 436
465 436 435
466 467 437
466 437 436
467 468 438
467 438 437
468 469 439
468 439 438
469 470 440
469 440 439
470 471 441
470 441 440
471 472 442
471 442 441
472 473 443
472 443 442
473 474 444
473 444 443
474 475 445
474 445 444
475 476 446
475 446 445
476 477 447
476 447 446
477 478 448
477 448 447
478 479 449
478 449 448
479 480 450
479 450 449
480 481 451
480 451 450
481 452 422
481 422 451
482 483 453
482 453 452
483 484 454
483 454 453
484 485 455
484 455 454
485 486 456
485 456 455
486 487 457
486 457 456
487 488 458
487 458 457
488 489 459
488 459 458
489 490 460
489 460 459
490 491 461
490 461 460
491 492 462
491 462 461
492 493 463
492 463 462
493 494 464
493 464 463
494 495 465
494 465 464
495 496 466
495 466 465
496 497 467
496 467 466
497 498 468
497 468 467
498 499 469
498 469 468
499 500 470
499 470 469
500 501 471
500 471 470
501 502 472
501 472 471
502 503 473
502 473 472
503 504 474
503 474 473
504 505 475
504 475 474
505 506 476
505 476 475
506 507 477
506 477 476
507 508 478
507 478 477
508 509 479
508 479 478
509 510 480
509 480 479
510 511 481
510 481 480
511 482 452
511 452 481
512 513 483
512 483 482
513 514 484
513 484 483
514 515 485
514 485 484
515 516 486
515 486 485
516 517 487
516 487 486
517 518 488
517 488 487
518 519 489
518 489 488
519 520 490
519 490 489
520 521 491
520 491 490
521 522 492
521 492 491
522 523 493
522 493 492
523 524 494
523 494 493
524 525 495
524 495 494
525 526 496
525 496 495
526 527 497
526 497 496
527 528 498
527 498 497
528 529 499
528 499 498
529 530 500
529 500 499
530 531 501
530 501 500
531 532 502
531 502 501
532 533 503
532 503 502
533 534 504
533 504 503
534 535 505
534 505 504
535 536 506
535 506 505
536 537 507
536 507 506
537 538 508
537 508 507
538 539 509
538 509 508
539 540 510
539 510 509
540 541 511
540 511 510
541 512 482
541 482 511
542 543 513
542 513 512
543 544 514
543 514 513
544 545 515
544 515 514
545 546 516
545 516 515
546 547 517
546 517 516
547 548 518
547 518 517
548 549 519
548 519 518
549 550 520
549 520 519
550 551 521
550 521 520
551 552 522
551 522 521
552 553 523
552 523 522
553 554 524
553 524 523
554 555 525
554 525 524
555 556 526
555 526 525
556 557 527
556 527 526
557 558 528
557 528 527
558 559 529
558 529 528
559 560 530
559 530 529
560 561 531
560 531 530
561 562 532
561 532 531
562 563 533
562 533 532
563 564 534
563 534 533
564 565 535
564 535 534
565 566 536
565 536 535
566 567 537
566 537 536
567 568 538
567 538 537
568 569 539
568 539 538
569 570 540
569 540 539
570 571 541
570 541 540
571 542 512
571 512 541
572 573 543
572 543 542
573 574 544
573 544 543
574 575 545
574 545 544
575 576 546
575 546 545
576 577 547
576 547 546
577 578 548
577 548 547
578 579 549
578 549 548
579 580 550
579 550 549
580 581 551
580 551 550
581 582 552
581 552 551
582 583 553
582 553 552
583 584 554
583 554 553
584 585 555
584 555 554
585 586 556
585 556 555
586 587 557
586 557 556
587 588 558
587 558 557
588 589 559
588 559 558
589 590 560
589 560 559
590 591 561
590 561 560
591 592 562
591 562 561
592 593 563
592 563 562
593 594 564
593 564 563
594 595 565
594 565 564
595 596 566
595 566 565
596 597 567
596 567 566
597 598 568
597 568 567
598 599 569
598 569 568
599 600 570
599 570 569
600 601 571
600 571 570
601 572 542
601 542 571
602 603 573
602 573 572
603 604 574
603 574 573
604 605 575
604 575 574
605 606 576
605 576 575
606 607 577
606 577 576
607 608 578
607 578 577
608 609 579
608 579 578
609 610 580
609 580 579
610 611 581
610 581 580
611 612 582
611 582 581
612 613 583
612 583 582
613 614 584
613 584 583
614 615 585
614 585 584
615 616 586
615 586 585
616 617 587
616 587 586
617 618 588
617 588 587
618 619 589
618 589 588
619 620 590
619 590 589
620 621 591
620 591 590
621 622 592
621 592 591
622 623 593
622 593 592
623 624 594
623 594 593
624 625 595
624 595 594
625 626 596
625 596 595
626 627 597
626 597 596
627 628 598
627 598 597
628 629 599
628 599 598
629 630 600
629 600 599
630 631 601
630 601 600
631 602 572
631 572 601
632 633 603
632 603 602
633 634 604
633 604 603
634 635 605
634 605 604
635 636 606
635 606 605
636 637 607
636 607 606
637 638 608
637 608 607
638 639 609
638 609 608
639 640 610
639 610 609
640 641 611
640 611 610
641 642 612
641 612 611
642 643 613
642 613 612
643 644 614
643 614 613
644 645 615
644 615 614
645 646 616
645 616 615
646 647 617
646 617 616
647 648 618
647 618 617
648 649 619
648 619 618
649 650 620
649 620 619
650 651 621
650 621 620
651 652 622
651 622 621
652 653 623
652 623 622
653 654 624
653 624 623
654 655 625
654 625 624
655 656 626
655 626 625
656 657 627
656 627 626
657 658 628
657 628 627
658 659 629
658 629 628
659 660 630
659 630 629
660 661 631
660 631 630
661 632 602
661 602 631
662 663 633
662 633 632
663 664 634
663 634 633
664 665 635
664 635 634
665 666 636
665 636 635
666 667 637
666 637 636
667 668 638
667 638 637
668 669 639
668 639 638
669 670 640
669 640 639
670 671 641
670 641 640
671 672 642
671 642 641
672 673 643
672 643 642
673 674 644
673 644 643
674 675 645
674 645 644
675 676 646
675 646 645
676 677 647
676 647 646
677 678 648
677 648 647
678 679 649
678 649 648
679 680 650
679 650 649
680 681 651
680 651 650
681 682 652
681 652 651
682 683 653
682 653 652
683 684 654
683 654 653
684 685 655
684 655 654
685 686 656
685 656 655
686 687 657
686 657 656
687 688 658
687 658 657
688 689 659
688 659 658
689 690 660
689 660 659
690 691 661
690 661 660
691 662 632
691 632 661
692 693 663
692 663 662
693 694 664
693 664 663
694 695 665
694 665 664
695 696 666
695 666 665
696 697 667
696 667 666
697 698 668
697 668 667
698 699 669
698 669 668
699 700 670
699 670 669
700 701 671
700 671 670
701 702 672
701 672 671
702 703 673
702 673 672
703 704 674
703 674 673
704 705 675
704 675 674
705 706 676
705 676 675
706 707 677
706 677 676
707 708 678
707 678 677
708 709 679
708 679 678
709 710 680
709 680 679
710 711 681
710 681 680
711 712 682
711 682 681
712 713 683
712 683 682
713 714 684
713 684 683
714 715 685
714 685 684
715 716 686
715 686 685
716 717 687
716 687 686
717 718 688
717 688 687
718 719 689
718 689 688
719 720 690
719 690 689
720 721 691
720 691 690
721 692 662
721 662 691
722 723 693
722 693 692
723 724 694
723 694 693
724 725 695
724 695 694
725 726 696
725 696 695
726 727 697
726 697 696
727 728 698
727 698 697
728 729 699
728 699 698
729 730 700
729 700 699
730 731 701
730 701 700
731 732 702
731 702 701
732 733 703
732 703 702
733 734 704
733 704 703
734 735 705
734 705 704
735 736 706
735 706 705
736 737 707
736 707 706
737 738 708
737 708 707
738 739 709
738 709 708
739 740 710
739 710 709
740 741 711
740 711 710
741 742 712
741 712 711
742 743 713
742 713 712
743 744 714
743 714 713
744 745 715
744 715 714
745 746 716
745 716 715
746 747 717
746 717 716
747 748 718
747 718 717
748 749 719
748 719 718
749 750 720
749 720 719
750 751 721
750 721 720
751 722 692
751 692 721
752 753 723
752 723 722
753 754 724
753 724 723
754 755 725
754 725 724
755 756 726
755 726 725
756 757 727
756 727 726
757 758 728
757 728 727
758 759 729
758 729 728
759 760 730
759 730 729
760 761 731
760 731 730
761 762 732
761 732 731
762 763 733
762 733 732
763 764 734
763 734 733
764 765 735
764 735 734
765 766 736
765 736 735
766 767 737
766 737 736
767 768 738
767 738 737
768 769 739
768 739 738
769 770 740
769 740 739
770 771 741
770 741 740
771 772 742
771 742 741
772 773 743
772 743 742
773 774 744
773 744 743
774 775 745
774 745 744
775 776 746
775 746 745
776 777 747
776 747 746
777 778 748
777 748 747
778 779 749
778 749 748
779 780 750
779 750 749
780 781 751
780 751 750
781 752 722
781 722 751
782 783 753
782 753 752
783 784 754
783 754 753
784 785 755
784 755 754
785 786 756
785 756 755
786 787 757
786 757 756
787 788 758
787 758 757
788 789 759
788 759 758
789 790 760
789 760 759
790 791 761
790 761 760
791 792 762
791 762 761
792 793 763
792 763 762
793 794 764
793 764 763
794 795 765
794 765 764
795 796 766
795 766 765
796 797 767
796 767 766
797 798 768
797 768 767
798 799 769
798 769 768
799 800 770
799 770 769
800 801 771
800 771 770
801 802 772
801 772 771
802 803 773
802 773 772
803 804 774
803 774 773
804 805 775
804 775 774
805 806 776
805 776 775
806 807 777
806 777 776
807 808 778
807 778 777
808 809 779
808 779 778
809 810 780
809 780 779
810 811 781
810 781 780
811 782 752
811 752 781
812 813 783
812 783 782
813 814 784
813 784 783
814 815 785
814 785 784
815 816 786
815 786 785
816 817 787
816 787 786
817 818 788
817 788 787
818 819 789
818 789 788
819 820 790
819 790 789
820 821 791
820 791 790
821 822 792
821 792 791
822 823 793
822 793 792
823 824 794
823 794 793
824 825 795
824 795 794
825 826 796
825 796 795
826 827 797
826 797 796
827 828 798
827 798 797
828 829 799
828 799 798
829 830 800
829 800 799
830 831 801
830 801 800
831 832 802
831 802 801
832 833 803
832 803 802
833 834 804
833 804 803
834 835 805
834 805 804
835 836 806
835 806 805
836 837 807
836 807 806
837 838 808
837 808 807
838 839 809
838 809 808
839 840 810
839 810 809
840 841 811
840 811 810
841 812 782
841 782 811
841 840 842
840 839 842
839 838 842
838 837 842
837 836 842
836 835 842
835 834 842
834 833 842
833 832 842
832 831 842
831 830 842
830 829 842
829 828 842
828 827 842
827 826 842
826 825 842
825 824 842
824 823 842
823 822 842
822 821 842
821 820 842
820 819 842
819 818 842
818 817 842
817 816 842
816 815 842
815 814 842
814 813 842
813 812 842
